-298.556 0.005023 0.008178 -0.001165 0.008340 0.009040 0.008142 0.013983 0.008230 2.688181179981086E-02 1.644573660957420E-02
-297.556 -0.005947 0.008011 0.008888 0.008477 0.014794 0.008025 0.010334 0.008280 2.806881325406607E-02 1.640128036590694E-02
-296.556 -0.005508 0.007847 0.001759 0.008327 -0.004056 0.007848 0.000811 0.008458 -6.993705458668842E-03 1.624918841092994E-02
-295.556 -0.001119 0.008253 -0.006670 0.008211 0.004374 0.008147 -0.010784 0.008375 -1.419838204166979E-02 1.649353391677414E-02
-294.556 0.006988 0.007975 -0.004426 0.008203 0.008548 0.007683 0.009081 0.008370 2.019108387374047E-02 1.612365853447883E-02
-293.556 -0.022809 0.008137 -0.002589 0.008586 0.013334 0.008053 -0.003086 0.008413 -1.515003600448495E-02 1.659973545410613E-02
-292.556 -0.016930 0.008180 0.004517 0.008233 -0.009040 0.008081 0.017369 0.008096 -4.083355552879198E-03 1.629556080118111E-02
-291.556 0.005355 0.007796 0.006914 0.008358 -0.001011 0.008002 0.009548 0.008485 2.080642853535153E-02 1.632976389857062E-02
-290.556 -0.009909 0.008061 -0.003677 0.008779 0.000514 0.007883 -0.003211 0.008245 -1.628344881278565E-02 1.649751172107276E-02
-289.556 0.016943 0.007891 -0.002491 0.008710 -0.011324 0.008067 -0.002186 0.008250 9.426483589720647E-04 1.646988831338841E-02
-288.556 0.001761 0.007885 0.001155 0.008481 -0.013473 0.008071 -0.002585 0.008430 -1.314235838879085E-02 1.644077999897820E-02
-287.556 -0.001645 0.007927 0.006230 0.008221 0.001829 0.007560 -0.002957 0.008021 3.456797110629850E-03 1.587209580659291E-02
-286.556 0.000416 0.007839 -0.011402 0.008411 0.016823 0.007943 -0.009225 0.008075 -3.388210136719749E-03 1.613947448808588E-02
-285.556 -0.001325 0.007887 0.003361 0.008373 -0.015103 0.008192 0.001768 0.008157 -1.129882742736754E-02 1.630853587378922E-02
-284.556 0.009109 0.007901 0.006480 0.008266 0.010871 0.007959 -0.017980 0.008376 8.479040097910229E-03 1.625606317839752E-02
-283.556 0.014346 0.007885 -0.001808 0.008435 -0.015066 0.008051 -0.023790 0.008080 -2.631823389411636E-02 1.623024041895767E-02
-282.556 0.014225 0.007979 0.002071 0.008235 0.007329 0.007776 -0.009189 0.008253 1.443594166387641E-02 1.612679483757562E-02
-281.556 0.006576 0.007862 -0.010207 0.008348 0.006336 0.007902 0.004467 0.008109 7.172761016178697E-03 1.611486139904438E-02
-280.556 -0.006214 0.007771 0.010297 0.008403 -0.000723 0.007792 -0.008361 0.008490 -5.000905047907622E-03 1.624210961320162E-02
-279.556 0.009195 0.007993 0.012969 0.008556 -0.003389 0.007914 -0.013413 0.008315 5.361876946224697E-03 1.639678906900088E-02
-278.556 -0.000029 0.008296 0.012992 0.008449 -0.008861 0.008316 -0.008686 0.008078 -4.583868486207621E-03 1.657124473140679E-02
-277.556 0.015101 0.008043 0.008709 0.008371 0.002597 0.007870 0.000129 0.008270 2.653683452068378E-02 1.628119026579219E-02
-276.556 0.001770 0.008094 0.003216 0.008457 0.001385 0.007940 0.001835 0.008335 8.206017967253842E-03 1.641744030418544E-02
-275.556 -0.007320 0.008051 -0.002759 0.008413 0.007308 0.007882 -0.002017 0.008455 -4.787982770437793E-03 1.640833694845547E-02
-274.556 -0.019640 0.008164 -0.014950 0.008153 0.010842 0.008139 -0.003330 0.008099 -2.707833560890549E-02 1.627773908642060E-02
-273.556 -0.009631 0.007930 0.005559 0.008224 0.005025 0.008104 0.001324 0.008110 2.277627648766156E-03 1.618541595284171E-02
-272.556 -0.003760 0.008055 -0.007902 0.008228 -0.001619 0.008024 0.003425 0.008298 -9.856831276849221E-03 1.630369707968400E-02
-271.556 0.000226 0.007902 -0.003582 0.008098 0.006643 0.007749 0.000871 0.008243 4.157715419069064E-03 1.600007240527230E-02
-270.556 0.001647 0.007992 0.005350 0.008362 0.002983 0.008086 -0.003045 0.008415 6.934912030104101E-03 1.643124725097945E-02
-269.556 0.018344 0.008096 0.001599 0.008345 -0.007883 0.007806 -0.008834 0.008168 3.225878851083053E-03 1.621201102187745E-02
-268.556 -0.001577 0.008053 0.007656 0.008599 -0.004787 0.007849 0.007763 0.008459 9.054668442686875E-03 1.649133925774996E-02
-267.556 0.003294 0.008039 -0.001961 0.008301 0.002700 0.007822 -0.000472 0.008012 3.561107182321166E-03 1.609038384968630E-02
-266.556 -0.002140 0.007865 0.001957 0.008235 0.003845 0.007942 0.006681 0.008372 1.034227633029161E-02 1.621222360439981E-02
-265.556 0.006019 0.007889 0.011822 0.008231 0.003113 0.007895 -0.002454 0.008082 1.850049531435616E-02 1.605124260958879E-02
-264.556 0.007438 0.007926 -0.005709 0.008357 -0.009562 0.007748 0.011942 0.008109 4.109000547970254E-03 1.607635201093467E-02
-263.556 0.006225 0.007857 0.005009 0.008228 -0.001181 0.007923 0.005792 0.008103 1.584573825817870E-02 1.605766593148771E-02
-262.556 -0.001191 0.007969 -0.002418 0.008290 0.007656 0.007762 0.010883 0.008043 1.492971302670298E-02 1.603665549853548E-02
-261.556 0.012529 0.007785 0.003044 0.008513 -0.007981 0.007893 -0.000473 0.008417 7.119087766994880E-03 1.631670105170223E-02
-260.556 0.018823 0.008100 -0.014202 0.008557 0.006239 0.007763 0.012669 0.008345 2.352848788778772E-02 1.639301809876129E-02
-259.556 -0.013555 0.007976 0.008383 0.008402 0.009263 0.007732 -0.000651 0.008183 3.439873436008156E-03 1.615382452481123E-02
-258.556 0.002711 0.007872 0.014297 0.008322 -0.002889 0.008110 -0.002038 0.008170 1.208179692964961E-02 1.624007046201140E-02
-257.556 -0.004463 0.007821 0.002423 0.008502 -0.004192 0.007679 -0.004673 0.008423 -1.090608080778566E-02 1.622849182262356E-02
-256.556 0.000377 0.007807 -0.011763 0.008533 -0.000509 0.007608 0.013665 0.008175 1.769968443866787E-03 1.607662442780270E-02
-255.556 -0.002871 0.007978 0.001322 0.008455 -0.000716 0.007958 0.006971 0.008331 4.706235911925205E-03 1.636702279768106E-02
-254.556 0.004524 0.007893 0.012580 0.008180 -0.005387 0.007831 0.001298 0.008274 1.301517438768940E-02 1.609293183619046E-02
-253.556 -0.010055 0.008062 0.003828 0.008432 0.006410 0.007821 0.005480 0.008248 5.663501907193336E-03 1.628785240939155E-02
-252.556 -0.005026 0.007797 0.001566 0.008400 -0.005292 0.007781 -0.009942 0.008048 -1.869446293176225E-02 1.602117313941761E-02
-251.556 -0.010267 0.007882 0.013140 0.008223 0.004996 0.007961 0.001343 0.008316 9.212577346531248E-03 1.619518213247354E-02
-250.556 0.007798 0.007677 0.002601 0.008483 -0.005007 0.007539 -0.006647 0.008404 -1.254979884251384E-03 1.607373966588252E-02
-249.556 -0.002987 0.007863 0.003992 0.008078 0.003816 0.007797 0.012221 0.008060 1.704186840861155E-02 1.590082485651576E-02
-248.556 0.011197 0.007978 -0.004265 0.008056 0.017972 0.007839 0.011944 0.007969 3.684826177760669E-02 1.592101227019238E-02
-247.556 0.005384 0.007960 -0.000350 0.008508 0.001834 0.007744 -0.009421 0.008308 -2.553131627379912E-03 1.627105581169056E-02
-246.556 0.013297 0.007593 -0.005841 0.008425 0.002490 0.007640 0.000771 0.008343 1.071814817217387E-02 1.601886674561688E-02
-245.556 0.003105 0.008215 0.014399 0.008601 -0.011014 0.008079 0.003063 0.008239 9.553061324098167E-03 1.657172468856600E-02
-244.556 0.008212 0.008097 0.005670 0.008278 -0.000025 0.007684 -0.000744 0.008158 1.311265393965755E-02 1.611460827903436E-02
-243.556 0.005905 0.007816 0.017601 0.008150 0.001998 0.007921 0.005551 0.008186 3.105574248777998E-02 1.603950983379597E-02
-242.556 0.004365 0.007586 -0.001265 0.008306 0.005579 0.007910 -0.002801 0.008067 5.877443241416813E-03 1.594302132526068E-02
-241.556 -0.008984 0.007833 0.002809 0.008649 0.001354 0.007786 0.004165 0.008452 -6.560543480844672E-04 1.637730497027819E-02
-240.556 0.001512 0.008064 -0.000475 0.008331 -0.003623 0.007982 -0.007083 0.008332 -9.669190700378749E-03 1.635782290211214E-02
-239.556 0.004703 0.007887 -0.007218 0.008391 -0.004269 0.007665 0.004092 0.008173 -2.692564382343221E-03 1.606708843385624E-02
-238.556 -0.005448 0.008025 0.005553 0.008525 -0.000602 0.007895 -0.004617 0.008139 -5.114118435358250E-03 1.629896865364539E-02
-237.556 -0.005822 0.008145 0.019200 0.008517 -0.001012 0.007985 -0.002488 0.008237 9.878176556398444E-03 1.644663743233030E-02
-236.556 -0.000233 0.008017 -0.000921 0.008419 -0.011089 0.007836 0.004411 0.008474 -7.832002367479163E-03 1.638159288630835E-02
-235.556 0.008204 0.007823 -0.007617 0.008320 0.002991 0.008005 0.006014 0.008286 9.590562833423633E-03 1.622171535671457E-02
-234.556 -0.003560 0.007911 0.002555 0.008432 -0.014735 0.008016 0.000960 0.007931 -1.477926108994154E-02 1.615097825261972E-02
-233.556 0.007644 0.007924 0.010919 0.008411 0.003988 0.007973 -0.011140 0.008090 1.140992720296197E-02 1.620324045091161E-02
-232.556 -0.003898 0.007810 0.007422 0.008457 0.004846 0.007480 -0.007715 0.008056 6.544470036260464E-04 1.591822149384164E-02
-231.556 -0.001768 0.007951 -0.005292 0.008303 0.007990 0.007827 -0.000378 0.008007 5.511073890716034E-04 1.604777777438732E-02
-230.556 0.004855 0.008056 0.005625 0.008481 -0.015671 0.007844 -0.009763 0.008051 -1.495486281146441E-02 1.622280786467926E-02
-229.556 -0.000788 0.007983 -0.013516 0.008715 -0.006417 0.007969 -0.001363 0.007830 -2.208369480966610E-02 1.626308497967174E-02
-228.556 -0.006433 0.007863 -0.006785 0.008466 -0.003904 0.007905 -0.010598 0.008191 -2.772013686536923E-02 1.621961656528564E-02
-227.556 0.009611 0.007803 0.017796 0.008344 0.010776 0.007805 -0.001160 0.008180 3.702358831795038E-02 1.607349016661142E-02
-226.556 0.012005 0.007926 0.005880 0.008270 -0.007172 0.007725 0.005131 0.007817 1.584451659213926E-02 1.587435985944156E-02
-225.556 0.003257 0.007803 -0.001393 0.008391 0.003707 0.007745 -0.004256 0.008105 1.315857537989018E-03 1.603073695697135E-02
-224.556 0.002828 0.008113 0.017795 0.008271 0.006173 0.007722 -0.003327 0.008314 2.346947551994560E-02 1.621597524633325E-02
-223.556 0.003490 0.007961 -0.007050 0.008481 0.005520 0.007714 0.001122 0.008118 3.081302792239171E-03 1.614686882578954E-02
-222.556 0.009453 0.007930 -0.002394 0.008173 0.006696 0.007905 -0.009544 0.008306 4.211066606671920E-03 1.616031998319901E-02
-221.556 0.008980 0.008090 0.001572 0.008334 -0.009207 0.007968 0.001172 0.007937 2.516433815799246E-03 1.616686432947039E-02
-220.556 0.001294 0.008008 -0.009447 0.008183 -0.000888 0.007832 -0.002025 0.008314 -1.106606895849893E-02 1.617307190809350E-02
-219.556 0.004822 0.007776 0.003102 0.008476 -0.002702 0.007844 -0.010631 0.007913 -5.408989428815403E-03 1.601441047251683E-02
-218.556 0.003297 0.007767 0.007029 0.008435 -0.000661 0.007826 -0.008733 0.008098 9.318645957989702E-04 1.607184182739945E-02
-217.556 -0.010448 0.008035 0.004919 0.008224 0.001553 0.007914 -0.014070 0.008053 -1.804582627063667E-02 1.611488535048326E-02
-216.556 -0.001273 0.007978 0.000069 0.008181 -0.009010 0.007927 -0.007524 0.008048 -1.773707562536231E-02 1.606840757241835E-02
-215.556 -0.001793 0.008090 0.003090 0.008296 -0.008182 0.008006 -0.002982 0.008285 -9.867420656576087E-03 1.634053403857201E-02
-214.556 -0.004703 0.007790 -0.012733 0.008556 0.008723 0.007693 -0.001825 0.007888 -1.053821990969084E-02 1.597815392133832E-02
-213.556 -0.014750 0.007981 0.009308 0.008343 -0.006079 0.007810 -0.012254 0.008167 -2.377441932591751E-02 1.615575269641389E-02
-212.556 -0.004646 0.007899 0.001316 0.008170 0.007241 0.007833 0.020057 0.007861 2.396799552535356E-02 1.588405862473500E-02
-211.556 -0.005526 0.008076 -0.008790 0.008476 -0.016927 0.007635 -0.011832 0.008042 -4.307469713022272E-02 1.612551163286046E-02
-210.556 -0.006672 0.008015 0.004853 0.008242 -0.000475 0.007780 -0.002494 0.008155 -4.787940807730706E-03 1.609948003202106E-02
-209.556 -0.010889 0.007827 0.011182 0.008281 0.007459 0.007779 -0.001290 0.007944 6.461326810438095E-03 1.592023581612717E-02
-208.556 -0.000421 0.008101 -0.002004 0.008395 -0.011756 0.007797 -0.002954 0.008032 -1.713554783771087E-02 1.616783383861035E-02
-207.556 -0.011142 0.007954 0.002945 0.008493 -0.008354 0.007730 0.003133 0.007971 -1.341825796507123E-02 1.608377654791854E-02
-206.556 0.011818 0.008035 0.010653 0.008369 -0.006345 0.007845 0.001676 0.008039 1.780238260887756E-02 1.614885532156404E-02
-205.556 0.001600 0.007626 0.004168 0.008403 -0.002474 0.007620 0.001819 0.008331 5.113794558837981E-03 1.600714363002821E-02
-204.556 0.002949 0.007891 -0.005432 0.008240 -0.010246 0.007723 0.002369 0.008074 -1.035925510906566E-02 1.596871857135492E-02
-203.556 -0.014315 0.007589 -0.004535 0.008401 -0.004323 0.007785 0.010583 0.008152 -1.258985762834186E-02 1.597571645302837E-02
-202.556 -0.007046 0.007998 -0.009815 0.008222 0.000643 0.007801 0.000027 0.007945 -1.619046147195036E-02 1.598556017034644E-02
-201.556 -0.000704 0.007909 0.009444 0.008323 0.003873 0.007935 0.015611 0.008397 2.822395505890540E-02 1.628799211836170E-02
-200.556 0.001562 0.007704 -0.003562 0.008466 -0.005855 0.007882 0.007239 0.007961 -6.167731132080689E-04 1.601615429152538E-02
-199.556 0.013108 0.008069 0.002413 0.008538 0.001793 0.007841 0.013809 0.008151 3.112248337639301E-02 1.630696915332196E-02
-198.556 0.003147 0.007708 -0.006789 0.008457 0.001990 0.007989 0.005731 0.008190 4.078006256477806E-03 1.618125207341912E-02
-197.556 -0.007450 0.007673 -0.009493 0.008081 0.000878 0.007855 -0.003713 0.008120 -1.977771060344935E-02 1.586862838683626E-02
-196.556 -0.007979 0.007888 -0.000211 0.008163 -0.004534 0.007713 -0.008025 0.008123 -2.074948222217188E-02 1.594735119054462E-02
-195.556 -0.009020 0.008077 0.014112 0.008214 0.011656 0.007754 0.006825 0.008049 2.357404841382049E-02 1.605035448211635E-02
-194.556 -0.003272 0.007832 0.011504 0.008334 0.016283 0.007821 -0.003324 0.008089 2.119072967857960E-02 1.604420924510260E-02
-193.556 -0.016320 0.007650 0.004645 0.008081 -0.007965 0.007361 0.007644 0.008081 -1.199596284419613E-02 1.559856676541260E-02
-192.556 0.005345 0.007858 -0.009755 0.008410 -0.008358 0.007777 0.004539 0.008234 -8.228672113901325E-03 1.614762540006460E-02
-191.556 0.018138 0.007605 -0.013248 0.008477 -0.014733 0.007612 -0.011511 0.007851 -2.135407854217419E-02 1.578853828553487E-02
-190.556 0.002313 0.007695 0.006949 0.008084 -0.001085 0.007788 0.020334 0.007942 2.851023745392922E-02 1.575743559036903E-02
-189.556 0.008900 0.007677 -0.001342 0.008470 0.000682 0.007447 -0.007449 0.008185 7.908758763051082E-04 1.590988760769164E-02
-188.556 0.004838 0.007908 0.005261 0.008036 0.002072 0.007709 -0.016039 0.008052 -3.869037354419902E-03 1.585492560503764E-02
-187.556 -0.004207 0.007761 0.013838 0.008140 -0.006230 0.007603 0.007952 0.008049 1.135205201268263E-02 1.578232348456383E-02
-186.556 0.003364 0.008082 -0.006971 0.008264 -0.002721 0.007742 0.012859 0.008173 6.530935902745227E-03 1.613562328370280E-02
-185.556 -0.015841 0.007788 -0.016879 0.008009 0.007772 0.007491 0.001294 0.007955 -2.365545518979673E-02 1.562657483705759E-02
-184.556 0.003116 0.007826 0.008083 0.008356 -0.000497 0.007747 0.003943 0.008173 1.464469437857474E-02 1.605880953730644E-02
-183.556 -0.004032 0.007869 0.005718 0.008260 0.005607 0.007757 0.004266 0.008034 1.155813178348808E-02 1.596434134162535E-02
-182.556 0.013147 0.007885 -0.014073 0.008152 0.002878 0.007622 -0.005262 0.008269 -3.310181121364053E-03 1.597161524769229E-02
-181.556 0.006067 0.007779 -0.004959 0.008299 0.003522 0.007838 -0.006142 0.007819 -1.512223499872789E-03 1.587291863220281E-02
-180.556 -0.010139 0.007769 0.007506 0.008126 -0.000263 0.007819 -0.008875 0.008094 -1.177007179391865E-02 1.590682572042647E-02
-179.556 -0.004240 0.008053 0.002753 0.008117 0.002170 0.007906 0.000454 0.008007 1.136936748906692E-03 1.604216656338399E-02
-178.556 -0.000057 0.007909 0.013853 0.008151 0.004012 0.007567 0.013793 0.007841 3.160037166628626E-02 1.573923525944285E-02
-177.556 -0.010444 0.007865 -0.005459 0.008240 0.011052 0.007727 0.000147 0.008022 -4.703552489587537E-03 1.593212531306427E-02
-176.556 -0.003184 0.008181 0.000999 0.008294 0.014258 0.007618 0.001329 0.007979 1.340135145132137E-02 1.604455981590152E-02
-175.556 -0.004765 0.007824 0.012727 0.008127 0.002560 0.007804 -0.002387 0.007884 8.134698597672241E-03 1.582137329333489E-02
-174.556 0.005891 0.007692 -0.002142 0.008164 0.000268 0.007994 0.002987 0.008109 7.003658234495447E-03 1.598384213136662E-02
-173.556 -0.004512 0.007782 -0.008492 0.008041 -0.006283 0.007985 -0.002314 0.008092 -2.159988827972370E-02 1.595175700887052E-02
-172.556 -0.012921 0.008063 -0.006191 0.008320 0.015828 0.007869 -0.015549 0.008094 -1.883377580108458E-02 1.617673453880614E-02
-171.556 0.004515 0.007878 -0.010449 0.008028 -0.003087 0.007580 0.005911 0.007889 -3.108695360623415E-03 1.569145249442502E-02
-170.556 0.015801 0.007746 -0.003560 0.008336 -0.003048 0.007674 -0.005552 0.008046 3.640055808020293E-03 1.590998311103728E-02
-169.556 -0.011197 0.007792 -0.002166 0.008268 -0.007866 0.007693 0.000174 0.007960 -2.105473559014115E-02 1.586278287713056E-02
-168.556 -0.006942 0.007984 -0.002758 0.008039 0.000565 0.007684 0.009031 0.007999 -1.050949578029758E-04 1.585562811103465E-02
-167.556 -0.015520 0.007755 0.007693 0.008138 -0.012137 0.007493 0.000133 0.007955 -1.983054714932209E-02 1.567755758097486E-02
-166.556 0.002918 0.007944 0.000499 0.008220 -0.008417 0.007846 -0.005511 0.008195 -1.051089915345926E-02 1.610548230969026E-02
-165.556 -0.013537 0.007857 0.001860 0.008403 0.004864 0.007793 -0.007807 0.007815 -1.461901556808698E-02 1.594196891875446E-02
-164.556 -0.008999 0.007829 -0.001821 0.008104 0.008174 0.007580 -0.000385 0.008006 -3.031650354609283E-03 1.576443648003356E-02
-163.556 0.012173 0.007545 -0.013131 0.008216 -0.002593 0.007693 -0.000952 0.008053 -4.503749590800243E-03 1.576303788452579E-02
-162.556 -0.006437 0.007655 0.007741 0.008072 -0.004530 0.007360 -0.005087 0.007766 -8.312415191305433E-03 1.543527467658892E-02
-161.556 0.000043 0.007610 -0.011865 0.007964 -0.003736 0.007387 0.011866 0.007554 -3.691982683363904E-03 1.526303964132780E-02
-160.556 -0.013908 0.007185 -0.002631 0.007818 0.014097 0.007126 -0.006968 0.007632 -9.409067255187864E-03 1.489182376287372E-02
-159.556 -0.001815 0.007223 0.006764 0.007470 0.005050 0.007219 0.002789 0.007608 1.278769795343493E-02 1.476315270692330E-02
-158.556 -0.001225 0.007113 0.000863 0.007592 0.006193 0.006994 0.003220 0.007304 9.050990490155897E-03 1.450875854198556E-02
-157.556 0.004864 0.007115 0.000869 0.007515 0.007410 0.006900 -0.007467 0.007183 5.675543682055334E-03 1.436332156679168E-02
-156.556 -0.003531 0.006879 0.002963 0.007098 0.009235 0.006804 0.008126 0.006935 1.679350170614669E-02 1.385975963555237E-02
-155.556 0.006224 0.006830 0.003300 0.007169 -0.008434 0.006657 -0.003204 0.006844 -2.114453328672994E-03 1.375450328816000E-02
-154.556 -0.006900 0.006660 0.005278 0.006981 0.004564 0.006244 0.001516 0.006840 4.458555593620517E-03 1.337419321522111E-02
-153.556 -0.007136 0.006434 -0.007249 0.006786 0.008450 0.006280 0.007883 0.006620 1.947728636469748E-03 1.306561858260590E-02
-152.556 -0.002918 0.006392 0.000845 0.006564 -0.013484 0.006126 -0.003391 0.006364 -1.894839181359487E-02 1.272664850733876E-02
-151.556 -0.008701 0.006358 -0.004723 0.006104 0.009561 0.006076 0.008657 0.006180 4.794901990344158E-03 1.236131409244496E-02
-150.556 0.002620 0.005983 0.001178 0.006364 -0.005770 0.005771 -0.000045 0.006266 -2.016432834276549E-03 1.220082906967142E-02
-149.556 0.000291 0.005933 -0.000514 0.006175 0.002564 0.005813 0.010542 0.005967 1.288260570774469E-02 1.194635841246306E-02
-148.556 0.000157 0.005649 -0.005685 0.005897 0.000442 0.005593 -0.003635 0.005902 -8.721907655170114E-03 1.152400752633859E-02
-147.556 -0.003877 0.005764 0.005152 0.006003 -0.003822 0.005452 0.000746 0.005642 -1.800840995841213E-03 1.143756357795714E-02
-146.556 0.003941 0.005517 -0.000982 0.005691 0.004902 0.005497 0.010062 0.005739 1.792198962708369E-02 1.122409442062681E-02
-145.556 0.001492 0.005557 -0.002081 0.005905 0.001846 0.005320 -0.008572 0.005550 -7.315210540504324E-03 1.117394073895412E-02
-144.556 -0.000922 0.005409 -0.007529 0.005614 -0.001070 0.005188 0.008001 0.005468 -1.520293447839549E-03 1.084401558549322E-02
-143.556 -0.004369 0.005142 -0.000218 0.005512 0.002061 0.005170 0.002113 0.005295 -4.141097344055877E-04 1.056396818293669E-02
-142.556 0.002673 0.005253 -0.004455 0.005496 -0.002424 0.005088 0.002770 0.005302 -1.436303122619886E-03 1.057280931221691E-02
-141.556 -0.007902 0.005242 0.000525 0.005406 0.001944 0.004942 0.001642 0.005233 -3.791386948161946E-03 1.041651236307128E-02
-140.556 -0.009152 0.005288 0.008867 0.005504 -0.005054 0.005151 0.005022 0.005235 -3.168079083648578E-04 1.059195328202463E-02
-139.556 -0.009254 0.005297 -0.000056 0.005423 -0.004512 0.005033 -0.002854 0.005224 -1.667580440276417E-02 1.049215232439926E-02
-138.556 0.000743 0.005224 -0.000366 0.005372 0.000495 0.004907 0.004478 0.005250 5.350443723777687E-03 1.038238936504143E-02
-137.556 -0.006550 0.005163 -0.003952 0.005412 -0.006099 0.005062 -0.000229 0.005181 -1.682854782534804E-02 1.041200083803330E-02
-136.556 -0.007450 0.005178 -0.001608 0.005294 0.000092 0.004857 -0.000784 0.005197 -9.749794718633353E-03 1.026808149527881E-02
-135.556 0.008313 0.005071 -0.005105 0.005362 -0.007019 0.004959 0.004595 0.005139 7.835319095814697E-04 1.026942418337639E-02
-134.556 -0.002078 0.004972 0.006766 0.005391 0.001202 0.004811 0.005148 0.005085 1.103702848356169E-02 1.013841318324898E-02
-133.556 -0.006219 0.005108 0.007591 0.005481 0.003351 0.005008 -0.003840 0.005071 8.833913687040784E-04 1.034040806352071E-02
-132.556 -0.004402 0.005257 0.003809 0.005515 -0.006696 0.005034 -0.001434 0.005231 -8.723940402779462E-03 1.052377514119054E-02
-131.556 0.003787 0.005217 -0.009397 0.005336 0.007496 0.005001 -0.002249 0.005145 -3.634071290790075E-04 1.035229733011253E-02
-130.556 0.004048 0.005090 0.000245 0.005375 -0.000414 0.004978 -0.011434 0.005328 -7.555914932062535E-03 1.039070801077475E-02
-129.556 0.001419 0.005094 -0.012544 0.005430 -0.007146 0.004957 -0.002321 0.005129 -2.059174231530614E-02 1.031075162167270E-02
-128.556 -0.003472 0.005092 -0.000748 0.005341 0.005235 0.004893 0.003501 0.005213 4.515892989132908E-03 1.027421725281946E-02
-127.556 0.001615 0.005190 0.007324 0.005348 0.006646 0.004959 0.001284 0.005155 1.686800212785755E-02 1.033003353080339E-02
-126.556 -0.009785 0.005144 -0.000199 0.005449 0.000870 0.004883 -0.006069 0.005318 -1.518251257751757E-02 1.040614043804175E-02
-125.556 -0.001957 0.005172 -0.001829 0.005448 -0.000665 0.004958 0.005741 0.005252 1.289011254239192E-03 1.042105562050714E-02
-124.556 -0.007841 0.005084 0.003815 0.005297 0.005291 0.004980 -0.006372 0.005167 -5.107524222381699E-03 1.026656980458778E-02
-123.556 0.000086 0.005162 -0.010997 0.005263 0.000734 0.004983 0.000906 0.005267 -9.271313696314287E-03 1.034046961443373E-02
-122.556 0.000945 0.005153 0.004526 0.005367 -0.002080 0.004982 0.004780 0.005227 8.169944216788849E-03 1.036893920529744E-02
-121.556 0.007411 0.005057 0.004759 0.005280 -0.000031 0.004976 0.004036 0.005112 1.617573492669111E-02 1.021509340635424E-02
-120.556 0.006169 0.005271 -0.004831 0.005419 0.007503 0.004938 -0.004158 0.005177 4.682761046808537E-03 1.040825064619852E-02
-119.556 0.008221 0.005139 -0.001534 0.005300 -0.000481 0.005073 -0.001753 0.005171 4.453420201381064E-03 1.034263402003812E-02
-118.556 -0.010370 0.005152 -0.003356 0.005272 -0.001868 0.004967 0.005490 0.005069 -1.010354456347295E-02 1.023239732549691E-02
-117.556 -0.002389 0.005169 -0.004277 0.005381 -0.008314 0.005046 -0.006253 0.005134 -2.123309616678215E-02 1.036805295810737E-02
-116.556 -0.004940 0.005173 0.001102 0.005307 0.001751 0.004906 -0.006085 0.005065 -8.172403134793171E-03 1.022950772716906E-02
-115.556 0.000785 0.005177 -0.009163 0.005401 0.003962 0.004982 0.002513 0.005152 -1.902845018584287E-03 1.035990024279828E-02
-114.556 -0.010053 0.005048 0.001113 0.005372 0.002612 0.005008 0.001684 0.005090 -4.644236624542941E-03 1.026319910227996E-02
-113.556 -0.003546 0.005185 0.007816 0.005428 -0.003473 0.004924 0.000538 0.005204 1.334840309091589E-03 1.037633127571708E-02
-112.556 -0.000366 0.005093 0.000459 0.005304 -0.002160 0.004818 0.005128 0.005110 3.061653776612161E-03 1.016844038034567E-02
-111.556 -0.000036 0.005225 0.001054 0.005409 0.000364 0.004885 -0.000613 0.005005 7.691932431814763E-04 1.026964653663110E-02
-110.556 -0.000814 0.005101 -0.013177 0.005354 -0.001877 0.004785 0.000252 0.005091 -1.561612578151328E-02 1.017306378823463E-02
-109.556 -0.001038 0.005157 0.011148 0.005320 -0.001190 0.004822 -0.002992 0.005056 5.928582935410986E-03 1.018401206225131E-02
-108.556 0.002206 0.005106 0.001259 0.005383 0.002236 0.004936 0.001229 0.005053 6.929898371872412E-03 1.024392992788704E-02
-107.556 0.000637 0.005038 0.007416 0.005385 0.000676 0.005117 0.007753 0.005088 1.648188519963423E-02 1.031815015489022E-02
-106.556 0.001809 0.005214 -0.001850 0.005461 0.005606 0.005021 -0.007405 0.005110 -1.840179546917398E-03 1.040839687635086E-02
-105.556 0.001288 0.005197 -0.007078 0.005505 -0.005186 0.004978 -0.000207 0.005078 -1.118272582282742E-02 1.038691566240971E-02
-104.556 -0.008118 0.005124 0.001252 0.005378 0.004829 0.004981 0.005790 0.005232 3.753095128715245E-03 1.036103075619630E-02
-103.556 -0.000494 0.005108 -0.001801 0.005351 -0.002982 0.005062 0.007559 0.005147 2.282282066396135E-03 1.033678750638379E-02
-102.556 -0.003066 0.005004 -0.001445 0.005333 -0.008943 0.004922 -0.008257 0.005137 -2.171040819139591E-02 1.020323859804542E-02
-101.556 0.002586 0.005279 -0.004782 0.005386 0.000588 0.005036 -0.005501 0.005120 -7.109525286395968E-03 1.041381114409346E-02
-100.556 0.005712 0.005032 -0.011766 0.005304 0.001291 0.005053 0.001727 0.005039 -3.035245018511379E-03 1.021654842920120E-02
-99.556 -0.004837 0.005211 0.004443 0.005449 -0.007524 0.005097 0.005773 0.005096 -2.144686913570837E-03 1.043086147687814E-02
-98.556 0.000674 0.005120 0.002763 0.005292 -0.003616 0.005017 -0.002923 0.005249 -3.101096041845608E-03 1.034098293469051E-02
-97.556 -0.000706 0.005076 -0.001646 0.005370 0.002988 0.004939 0.005255 0.005085 5.890037874358711E-03 1.023959352773081E-02
-96.556 0.007914 0.005062 -0.012767 0.005371 0.002838 0.005025 -0.003264 0.005221 -5.279173338010423E-03 1.034367060488520E-02
-95.556 0.001568 0.005049 0.003517 0.005431 0.001738 0.004964 -0.005981 0.005192 8.420699866817927E-04 1.032417996268986E-02
-94.556 0.011122 0.004976 0.005905 0.005336 -0.006537 0.004821 0.002688 0.005063 1.317666670570361E-02 1.010533088956015E-02
-93.556 0.003080 0.005066 -0.009118 0.005388 -0.005957 0.004885 0.000325 0.005112 -1.166956013740617E-02 1.023191297829921E-02
-92.556 -0.002772 0.005155 0.003083 0.005265 -0.005317 0.004916 0.003107 0.005100 -1.899350908875164E-03 1.022135735001778E-02
-91.556 -0.004616 0.005121 0.014876 0.005427 -0.001660 0.004927 0.002069 0.005196 1.066857948639388E-02 1.034212189668505E-02
-90.556 -0.002309 0.005145 0.002733 0.005355 -0.001768 0.004927 0.003227 0.005067 1.882531675093002E-03 1.025138702870401E-02
-89.556 -0.001793 0.005124 0.002556 0.005430 0.001059 0.004954 0.005090 0.005037 6.912228483452409E-03 1.027833976489842E-02
-88.556 0.000924 0.005020 -0.003906 0.005288 0.001607 0.004926 -0.000433 0.005144 -1.808642532273197E-03 1.019224934978951E-02
-87.556 -0.002144 0.005310 -0.000642 0.005408 -0.003623 0.005039 0.006451 0.005152 4.220514578356926E-05 1.045816177633273E-02
-86.556 -0.003605 0.005046 -0.002140 0.005282 0.001951 0.004999 0.002382 0.005148 -1.411338453586097E-03 1.023935623865847E-02
-85.556 0.005979 0.005148 -0.003644 0.005521 -0.005043 0.004943 0.003734 0.005203 1.025640654283677E-03 1.041522876328048E-02
-84.556 -0.001360 0.005064 -0.006812 0.005321 -0.006325 0.004969 0.003526 0.005150 -1.097128263174341E-02 1.025523997472090E-02
-83.556 0.003003 0.005105 0.005408 0.005323 -0.001238 0.004867 -0.002839 0.004948 4.334162352130022E-03 1.012774568338572E-02
-82.556 0.007919 0.005036 0.000583 0.005347 -0.003694 0.004849 -0.006631 0.005009 -1.823262723483765E-03 1.012725537291417E-02
-81.556 -0.001159 0.005043 0.004402 0.005415 -0.003597 0.004957 0.002933 0.005153 2.578034295668274E-03 1.028979427845804E-02
-80.556 -0.003783 0.005107 0.002874 0.005404 -0.002238 0.005016 -0.003952 0.005127 -7.098727632055102E-03 1.033171621477930E-02
-79.556 -0.000254 0.005165 0.000485 0.005391 0.005329 0.004874 -0.009829 0.005118 -4.269475801201850E-03 1.028113810194058E-02
-78.556 0.005112 0.005136 -0.001912 0.005432 -0.008735 0.004945 -0.007086 0.005064 -1.262067462379557E-02 1.029460804889208E-02
-77.556 -0.001946 0.005200 0.006089 0.005400 -0.004835 0.004944 -0.008640 0.005087 -9.332187111645851E-03 1.032078064478840E-02
-76.556 -0.001708 0.005161 0.000323 0.005318 0.002531 0.004916 -0.010096 0.005156 -8.950528222932519E-03 1.027961195119132E-02
-75.556 -0.000858 0.005108 0.007599 0.005341 0.009785 0.004884 -0.007209 0.005029 9.317440501687368E-03 1.018661442872322E-02
-74.556 -0.001720 0.005025 -0.000905 0.005424 0.005781 0.005003 -0.003568 0.005092 -4.113758773507392E-04 1.027740837212259E-02
-73.556 0.009272 0.005211 -0.010309 0.005366 0.001049 0.004885 0.007592 0.005106 7.603685946736327E-03 1.028979532144190E-02
-72.556 0.004914 0.005074 -0.004153 0.005324 0.003121 0.004856 0.001953 0.005005 5.835772821836116E-03 1.013582873847041E-02
-71.556 0.001703 0.005179 0.011048 0.005313 -0.005197 0.004955 0.004354 0.005038 1.190806487128526E-02 1.024657015435989E-02
-70.556 -0.006461 0.005085 0.005931 0.005321 0.010393 0.004940 0.001168 0.005094 1.103074471049581E-02 1.022338369148748E-02
-69.556 -0.000484 0.004970 -0.007903 0.005427 0.003200 0.004924 0.005922 0.004878 7.355824028820734E-04 1.010889050129097E-02
-68.556 0.002783 0.005062 0.000563 0.005455 0.004913 0.004948 0.001773 0.005042 1.003249993214927E-02 1.026090901969420E-02
-67.556 0.003088 0.005158 -0.002222 0.005160 0.000120 0.004963 0.006024 0.005088 7.010526618651980E-03 1.018564726457376E-02
-66.556 0.006467 0.005188 0.000286 0.005215 -0.002307 0.004996 0.001734 0.005069 6.179378943530267E-03 1.023563476221574E-02
-65.556 0.008347 0.005277 0.004455 0.005316 -0.008624 0.004919 0.000139 0.005050 4.316092830777052E-03 1.028676607173220E-02
-64.556 0.013148 0.005170 -0.002513 0.005329 0.001860 0.004932 0.006440 0.005146 1.893533367288569E-02 1.029231772221121E-02
-63.556 0.002232 0.005072 -0.003263 0.005402 -0.000125 0.005084 -0.003869 0.005169 -5.025841931150410E-03 1.036717109576837E-02
-62.556 -0.005875 0.005148 0.007910 0.005360 0.001872 0.004924 -0.001535 0.005171 2.372037392376569E-03 1.030622371752802E-02
-61.556 -0.003415 0.005247 0.001912 0.005331 -0.006122 0.004936 -0.006706 0.004923 -1.433172778793335E-02 1.022509823775690E-02
-60.556 0.002540 0.005099 0.002012 0.005335 0.010528 0.004839 -0.002067 0.005033 1.301342282690854E-02 1.015938195169251E-02
-59.556 -0.004024 0.005147 -0.000088 0.005352 -0.000764 0.004845 -0.001473 0.004992 -6.349558517605658E-03 1.017516364523136E-02
-58.556 0.009639 0.005184 -0.005172 0.005266 -0.006876 0.004935 -0.002228 0.005072 -4.637162740550593E-03 1.023074476598336E-02
-57.556 -0.001403 0.005024 -0.010502 0.005239 -0.000144 0.004885 -0.005166 0.005184 -1.721564413807863E-02 1.016974265115923E-02
-56.556 -0.002897 0.005279 0.000493 0.005326 0.004829 0.004983 -0.002924 0.005149 -4.982374076689666E-04 1.037172556244934E-02
-55.556 0.002082 0.005094 0.007710 0.005367 0.005544 0.004858 -0.007171 0.005165 8.164358312654940E-03 1.024858348391878E-02
-54.556 -0.006035 0.005078 0.001243 0.005344 0.011154 0.004862 -0.007122 0.005145 -7.598525293754932E-04 1.022030866780922E-02
-53.556 0.007596 0.005001 0.002436 0.005368 0.012434 0.004821 0.003936 0.004952 2.640201210633109E-02 1.007876039193184E-02
-52.556 0.001837 0.005025 0.002606 0.005254 -0.007425 0.004907 0.011101 0.005009 8.118944292455410E-03 1.010109430299371E-02
-51.556 -0.003456 0.005146 0.007215 0.005362 0.001147 0.004910 -0.000429 0.004889 4.476785692716589E-03 1.016098786567994E-02
-50.556 0.001193 0.004993 0.002776 0.005313 -0.006398 0.004845 -0.007476 0.005018 -9.905429663035648E-03 1.009061207316770E-02
-49.556 0.003462 0.005018 0.005849 0.005312 0.000475 0.004923 0.005401 0.005033 1.518750747496256E-02 1.014715228826778E-02
-48.556 0.003410 0.005189 -0.004383 0.005286 0.006888 0.005021 0.003759 0.005130 9.673542999512730E-03 1.031433756195325E-02
-47.556 0.004408 0.005129 -0.000193 0.005417 0.006054 0.004910 -0.003705 0.005049 6.563898790053369E-03 1.025878031077503E-02
-46.556 0.001563 0.005209 -0.003626 0.005305 -0.000058 0.004814 -0.000962 0.005029 -3.083088109121945E-03 1.018546483732471E-02
-45.556 0.000503 0.005152 0.007808 0.005305 0.013938 0.004964 -0.000961 0.004991 2.128863545653559E-02 1.020967254626005E-02
-44.556 0.011462 0.005101 -0.002329 0.005313 -0.002701 0.004858 0.001105 0.004973 7.537316551889717E-03 1.012814932560946E-02
-43.556 -0.000365 0.005238 0.003063 0.005320 0.010087 0.004838 -0.000402 0.004927 1.238288680600164E-02 1.016936565645663E-02
-42.556 0.003111 0.005040 -0.003424 0.005349 0.002955 0.004907 0.009218 0.005032 1.186027458444983E-02 1.016966629057415E-02
-41.556 -0.001837 0.005028 -0.000263 0.005394 -0.001549 0.004878 0.005145 0.004849 1.497268337447011E-03 1.008321902147461E-02
-40.556 -0.003606 0.005281 -0.009073 0.005319 0.006326 0.004898 -0.003426 0.005071 -9.778943424324726E-03 1.029034398432002E-02
-39.556 0.002017 0.005067 0.004676 0.005302 -0.003641 0.004991 -0.000168 0.004899 2.884957800041832E-03 1.013345646693658E-02
-38.556 0.000261 0.005123 -0.000862 0.005398 -0.001711 0.004937 0.009666 0.005007 7.354389970970487E-03 1.023865495411085E-02
-37.556 0.003551 0.005106 -0.001413 0.005429 -0.000905 0.004931 -0.004604 0.005076 -3.370325229222093E-03 1.027737605824530E-02
-36.556 0.008941 0.005154 -0.005450 0.005320 0.003388 0.004946 -0.002064 0.005001 4.815250238143332E-03 1.021426273007500E-02
-35.556 0.000659 0.005149 0.000603 0.005259 0.002850 0.004945 -0.008368 0.005080 -4.255860252277088E-03 1.021897548850344E-02
-34.556 -0.002817 0.005053 -0.002024 0.005351 0.007379 0.004912 0.001153 0.004944 3.691428026208143E-03 1.013567898438249E-02
-33.556 0.010276 0.005090 -0.008577 0.005327 0.009211 0.004833 0.005024 0.005123 1.593297404200689E-02 1.019284718468937E-02
-32.556 0.006393 0.005053 -0.001009 0.005378 0.000007 0.004913 -0.002507 0.005036 2.883977961170459E-03 1.019604376713643E-02
-31.556 -0.006357 0.005222 -0.009772 0.005386 0.002992 0.004741 -0.003124 0.005115 -1.626057484024068E-02 1.024301861391783E-02
-30.556 0.003040 0.005125 -0.012983 0.005340 -0.003408 0.004898 -0.001253 0.005203 -1.460428793172852E-02 1.028808707836721E-02
-29.556 0.009610 0.005176 -0.001236 0.005422 -0.000723 0.005022 0.005845 0.005094 1.349585028880540E-02 1.036128939550637E-02
-28.556 0.016911 0.005138 -0.001092 0.005372 0.015578 0.004868 0.001187 0.005161 3.258441811726698E-02 1.027533721463265E-02
-27.556 -0.003513 0.005099 0.003871 0.005396 0.004095 0.004930 0.005032 0.005224 9.485304886062806E-03 1.032971947546911E-02
-26.556 -0.008962 0.005119 -0.005108 0.005410 0.007049 0.004907 -0.014418 0.005044 -2.144038870984666E-02 1.024649208305171E-02
-25.556 0.004526 0.005204 0.005060 0.005507 -0.002159 0.004918 -0.000208 0.005067 7.220168662456672E-03 1.035734591619393E-02
-24.556 -0.001030 0.005170 -0.002987 0.005336 0.001035 0.004878 -0.005687 0.005063 -8.668622236065460E-03 1.022864369327133E-02
-23.556 -0.001916 0.005105 0.000191 0.005380 0.000294 0.005005 -0.005629 0.004950 -7.059184205770563E-03 1.022570406612804E-02
-22.556 0.002901 0.005082 -0.000879 0.005418 0.007550 0.004871 -0.008720 0.005083 8.515324269513513E-04 1.023461470780957E-02
-21.556 -0.005232 0.005143 0.014390 0.005398 0.006337 0.004822 -0.005092 0.004953 1.040315880962339E-02 1.016713581466674E-02
-20.556 0.003384 0.005213 -0.000144 0.005316 -0.006910 0.004976 0.003331 0.004969 -3.391685072617889E-04 1.024122127119877E-02
-19.556 0.001837 0.005241 -0.001696 0.005290 0.000080 0.004999 -0.005004 0.004951 -4.782739982971407E-03 1.024481464518663E-02
-18.556 0.001182 0.005221 -0.005269 0.005385 0.005867 0.004887 -0.000263 0.004924 1.516833178781152E-03 1.021656207658763E-02
-17.556 0.003749 0.005053 -0.000615 0.005302 -0.007857 0.004787 -0.000755 0.004980 -5.478309774993306E-03 1.006784015856826E-02
-16.556 0.000834 0.005197 0.005023 0.005330 -0.003502 0.004912 -0.003829 0.005076 -1.473651947227594E-03 1.026201539600794E-02
-15.556 -0.001897 0.005221 -0.003355 0.005376 -0.000509 0.004925 -0.008377 0.005011 -1.413810541565619E-02 1.027269441926167E-02
-14.556 0.011615 0.005160 -0.003203 0.005428 0.000309 0.004991 0.006039 0.005002 1.476154971245514E-02 1.029685650561343E-02
-13.556 0.000804 0.004992 0.003093 0.005406 0.004567 0.005043 0.007251 0.004857 1.571465455897458E-02 1.015677713858467E-02
-12.556 -0.001283 0.005013 -0.014303 0.005365 0.001257 0.004956 -0.002503 0.005025 -1.683244798099537E-02 1.018432301704399E-02
-11.556 -0.005959 0.005186 0.001899 0.005365 0.004306 0.005018 0.003951 0.004948 4.197940478569251E-03 1.026338305406632E-02
-10.556 -0.009392 0.005147 0.000849 0.005412 0.003944 0.004895 0.006235 0.005146 1.636432514999342E-03 1.030688493422426E-02
-9.556 -0.001792 0.005026 -0.000987 0.005404 -0.009218 0.004933 0.003217 0.004974 -8.780910334849068E-03 1.017556592477373E-02
-8.556 0.002763 0.005043 -0.005126 0.005285 -0.004422 0.004841 0.004730 0.004888 -2.055017750306476E-03 1.003460982015505E-02
-7.556 -0.002618 0.005156 -0.005903 0.005366 -0.002296 0.004915 0.002893 0.005005 -7.923992235511435E-03 1.022701094229065E-02
-6.556 -0.005961 0.005121 -0.002872 0.005239 -0.013165 0.004752 -0.000896 0.004995 -2.289393253922833E-02 1.006007983054898E-02
-5.556 0.001860 0.005174 0.002125 0.005426 0.004874 0.005023 -0.002806 0.005053 6.052048822532186E-03 1.034256694926576E-02
-4.556 -0.002116 0.005179 -0.000207 0.005266 0.006649 0.004873 0.001149 0.004996 5.474877435789338E-03 1.016192962578413E-02
-3.556 0.004882 0.005121 -0.008599 0.005348 -0.001781 0.004804 0.005903 0.005048 4.059630248676172E-04 1.016776723882498E-02
-2.556 -0.002493 0.005249 -0.005353 0.005267 -0.001518 0.004838 -0.004952 0.004952 -1.431589293444802E-02 1.016023614691879E-02
-1.556 -0.002221 0.005205 0.007380 0.005282 0.001006 0.004722 -0.002648 0.005084 3.516346079964094E-03 1.015596064674766E-02
-0.556 0.013800 0.005298 0.020658 0.005656 0.027557 0.005297 0.009619 0.005108 7.163417120904292E-02 1.068681641563231E-02
0.444 0.781943 0.012616 1.421634 0.016359 1.162509 0.015529 0.241272 0.009170 3.607357911726447E+00 2.742294016386141E-02
1.444 1.046641 0.014238 1.788665 0.018241 1.553988 0.017578 0.318906 0.009699 4.708200156637260E+00 3.063517297166429E-02
2.444 0.492941 0.010314 0.648061 0.011550 0.340807 0.009073 0.031451 0.005809 1.513259544365139E+00 1.886352183762174E-02
3.444 0.347725 0.009172 0.426395 0.009857 0.217609 0.007871 0.019196 0.005453 1.010924878034138E+00 1.652185629490804E-02
4.444 0.531679 0.010669 0.823445 0.012720 0.543446 0.011010 0.076374 0.006486 1.974943200164420E+00 2.094981490109481E-02
5.444 0.973127 0.013620 1.585867 0.017169 1.261174 0.015874 0.229269 0.008579 4.049437984454744E+00 2.838752783547275E-02
6.444 0.917724 0.013395 1.428689 0.016378 1.048591 0.014493 0.157014 0.007813 3.552018922274434E+00 2.680979603613343E-02
7.444 0.737882 0.012133 0.955311 0.013562 0.482279 0.010374 0.054997 0.005847 2.230469925409094E+00 2.174710259030270E-02
8.444 0.537849 0.010654 0.587434 0.011017 0.214796 0.007803 0.011952 0.005213 1.352030799624444E+00 1.797083878619027E-02
9.444 0.438446 0.009722 0.404507 0.009677 0.108719 0.006487 0.007230 0.005119 9.589020951220637E-01 1.601426307350016E-02
10.444 0.202567 0.007668 0.122444 0.007063 0.034333 0.005239 0.010826 0.005087 3.701703826461009E-01 1.272855194359839E-02
11.444 0.093863 0.006464 0.055466 0.006092 0.011215 0.005138 0.008083 0.005150 1.686267450847012E-01 1.148106715775463E-02
12.444 0.039380 0.005718 0.018179 0.005755 0.012126 0.004997 0.008146 0.004919 7.783080150657540E-02 1.072268841094334E-02
13.444 0.020182 0.005515 0.014910 0.005442 -0.001478 0.004806 0.000067 0.005049 3.368136669428656E-02 1.042213261998859E-02
14.444 0.009892 0.005172 0.012321 0.005397 -0.000947 0.004888 0.000003 0.004943 2.126874644767818E-02 1.020771779650742E-02
15.444 0.006846 0.005158 0.005505 0.005454 0.008264 0.004870 0.004970 0.004833 2.558505422546631E-02 1.017007686325367E-02
16.444 0.003270 0.005163 -0.003120 0.005316 0.005988 0.004805 -0.002742 0.004849 3.396483755697233E-03 1.007580147438958E-02
17.444 0.015101 0.005086 0.007248 0.005212 -0.000245 0.004766 -0.001649 0.004928 2.045532547022200E-02 1.000144246519930E-02
18.444 0.004446 0.005076 -0.003293 0.005276 0.003567 0.004721 0.004812 0.004790 9.532165990621788E-03 9.941715906115261E-03
19.444 0.006810 0.005021 0.003895 0.005290 -0.001107 0.004801 -0.001084 0.004767 8.513317535655318E-03 9.948797038506299E-03
20.444 0.001093 0.004953 0.006969 0.005218 0.008124 0.004694 0.001619 0.004711 1.780458902304982E-02 9.796695408614256E-03
21.444 0.000650 0.005019 -0.001298 0.005139 0.003004 0.004711 -0.003892 0.004915 -1.535798062853644E-03 9.896984404107370E-03
22.444 -0.000872 0.004938 0.004955 0.004948 0.002481 0.004598 0.007704 0.004762 1.426760724126375E-02 9.626908041122987E-03
23.444 -0.000517 0.004782 -0.001410 0.004998 0.002093 0.004651 0.003747 0.004659 3.913965206900016E-03 9.549124512337798E-03
24.444 0.004385 0.004836 0.001813 0.004989 0.007091 0.004541 0.001356 0.004638 1.464538854142461E-02 9.508211342099933E-03
25.444 -0.001793 0.004815 0.007794 0.004861 -0.002808 0.004562 0.003427 0.004593 6.620374764204184E-03 9.418663113933036E-03
26.444 0.000585 0.004802 0.000257 0.004863 -0.000724 0.004450 0.002660 0.004553 2.777931854552662E-03 9.340333541723551E-03
27.444 0.002619 0.004706 -0.004424 0.004921 0.001569 0.004525 0.000766 0.004718 5.304739713153095E-04 9.438465319133669E-03
28.444 0.002264 0.004802 0.002192 0.004842 -0.007856 0.004411 0.000731 0.004487 -2.669553567988814E-03 9.278520190316228E-03
29.444 -0.002030 0.004597 0.002992 0.004717 -0.002374 0.004326 -0.000644 0.004469 -2.055891734170423E-03 9.058782326538206E-03
30.444 0.001890 0.004545 0.002437 0.004797 0.001305 0.004319 -0.005999 0.004538 -3.679053738858684E-04 9.105914221733912E-03
31.444 -0.002179 0.004565 0.005615 0.004769 0.002558 0.004359 0.004860 0.004515 1.085353793908617E-02 9.108788342269686E-03
32.444 0.004388 0.004618 0.005723 0.004698 -0.003431 0.004277 -0.000790 0.004362 5.889155764300824E-03 8.983858030497473E-03
33.444 0.003608 0.004518 -0.003118 0.004728 0.004817 0.004300 -0.004406 0.004228 9.013546919138804E-04 8.896100030139603E-03
34.444 -0.003590 0.004523 0.006703 0.004596 0.003996 0.004350 0.012785 0.004414 1.989448356009449E-02 8.944044139971432E-03
35.444 -0.003991 0.004516 -0.002145 0.004629 -0.005260 0.004138 -0.003065 0.004312 -1.446168353673905E-02 8.805308961417836E-03
36.444 -0.000210 0.004419 0.007088 0.004638 0.001570 0.004199 0.003865 0.004358 1.231340225606470E-02 8.812644355295766E-03
37.444 0.001488 0.004447 0.004493 0.004557 -0.001099 0.004231 -0.004919 0.004257 -3.837892344904503E-05 8.750664574059612E-03
38.444 0.001474 0.004467 -0.001988 0.004663 0.000894 0.004074 -0.004169 0.004185 -3.788654524166546E-03 8.706490183944928E-03
39.444 -0.007060 0.004461 -0.000903 0.004594 0.001064 0.004140 -0.003956 0.004192 -1.085475900543553E-02 8.701542414218695E-03
40.444 -0.000333 0.004428 0.007845 0.004511 -0.003322 0.004225 -0.005004 0.004280 -8.138540916897696E-04 8.724854565756267E-03
41.444 -0.000041 0.004502 0.006531 0.004609 -0.004035 0.004214 -0.000998 0.004293 1.456547909319372E-03 8.814581630743749E-03
42.444 0.002261 0.004591 -0.003171 0.004730 0.007550 0.004185 -0.001227 0.004210 5.412036305120438E-03 8.870298572631493E-03
43.444 0.003389 0.004486 0.005906 0.004686 0.002166 0.004181 0.001836 0.004370 1.329755161190072E-02 8.869180902594176E-03
44.444 0.006153 0.004472 0.006551 0.004624 0.006465 0.004220 0.006305 0.004176 2.547366120073402E-02 8.753894646480173E-03
45.444 -0.000223 0.004598 0.003830 0.004622 0.001463 0.004222 -0.009113 0.004237 -4.042046708955471E-03 8.847933813869745E-03
46.444 0.001064 0.004407 -0.000514 0.004631 -0.007097 0.004245 0.001887 0.004324 -4.659512365073226E-03 8.807869031600999E-03
47.444 -0.000090 0.004488 -0.004881 0.004700 -0.004793 0.004145 0.002128 0.004252 -7.635574108761034E-03 8.803025179485720E-03
48.444 0.003649 0.004517 0.000163 0.004538 0.004784 0.004226 0.004546 0.004150 1.314187172348014E-02 8.722227044580925E-03
49.444 0.004594 0.004555 0.003384 0.004684 -0.003780 0.004210 -0.006810 0.004197 -2.613537178287828E-03 8.833137408353654E-03
50.444 0.002753 0.004600 0.003834 0.004511 0.001967 0.004281 -0.000802 0.004266 7.752496704025447E-03 8.833462604434352E-03
51.444 -0.002813 0.004496 0.009975 0.004640 -0.006060 0.004275 -0.000237 0.004338 8.654766468421116E-04 8.878832120123406E-03
52.444 0.003110 0.004449 0.000122 0.004637 0.004761 0.004200 -0.001280 0.004263 6.713696224135646E-03 8.781057322679716E-03
53.444 -0.009784 0.004542 -0.002456 0.004594 -0.002258 0.004286 0.001079 0.004207 -1.342044543353893E-02 8.820634801942990E-03
54.444 0.003605 0.004586 0.003135 0.004650 0.004098 0.004144 -0.002395 0.004313 8.442165697550852E-03 8.855760077245381E-03
55.444 0.012351 0.004525 -0.000297 0.004576 -0.004475 0.004250 0.003114 0.004222 1.069341519101030E-02 8.791593408030049E-03
56.444 0.002405 0.004466 0.001478 0.004760 0.005569 0.004220 0.011438 0.004295 2.089069482278916E-02 8.879829936731639E-03
57.444 -0.000077 0.004504 0.004712 0.004623 0.000981 0.004165 0.006004 0.004236 1.161982590061861E-02 8.771892751441654E-03
58.444 -0.000622 0.004539 0.000497 0.004751 0.006567 0.004236 -0.001418 0.004189 5.023849159607963E-03 8.869924160237129E-03
59.444 0.004839 0.004530 0.011983 0.004672 0.002736 0.004178 -0.000123 0.004332 1.943472894132658E-02 8.863769695916296E-03
60.444 -0.003755 0.004515 0.000936 0.004607 0.002980 0.004225 -0.007599 0.004233 -7.437854402684962E-03 8.796347656911282E-03
61.444 0.001652 0.004563 0.004461 0.004637 -0.003846 0.004272 0.003270 0.004358 5.536569317772688E-03 8.920183632596976E-03
62.444 -0.003067 0.004610 -0.002046 0.004637 0.000686 0.004193 0.002552 0.004343 -1.874768184773501E-03 8.899199821516116E-03
63.444 0.002788 0.004528 -0.001725 0.004656 -0.000715 0.004207 -0.001025 0.004315 -6.770847241535094E-04 8.860405153323573E-03
64.444 0.005160 0.004619 -0.007292 0.004620 -0.002491 0.004264 -0.002325 0.004212 -6.947939753384702E-03 8.865295678042003E-03
65.444 0.006531 0.004553 0.001149 0.004632 0.000965 0.004264 -0.003182 0.004401 5.462949084223290E-03 8.929571931769600E-03
66.444 0.009755 0.004611 0.003208 0.004606 0.005106 0.004234 0.005828 0.004360 2.389691408048078E-02 8.911169526314617E-03
67.444 0.000391 0.004608 0.005116 0.004697 0.000978 0.004137 0.002839 0.004233 9.324604422652705E-03 8.849869824947378E-03
68.444 -0.000695 0.004504 -0.001116 0.004753 -0.003501 0.004200 -0.005039 0.004310 -1.035141749689394E-02 8.893146365335490E-03
69.444 0.003185 0.004522 0.002816 0.004660 0.003081 0.004238 -0.006083 0.004274 2.999347444558431E-03 8.853450079197817E-03
70.444 0.007574 0.004601 0.011728 0.004666 0.001264 0.004228 0.000302 0.004347 2.086820952746393E-02 8.928480634102516E-03
71.444 0.002366 0.004576 0.000202 0.004583 -0.001837 0.004356 0.001864 0.004317 2.594746819029492E-03 8.919602302112277E-03
72.444 -0.005623 0.004537 0.005257 0.004650 -0.006381 0.004288 0.003333 0.004392 -3.413843765080138E-03 8.937461953028403E-03
73.444 0.001434 0.004511 0.004980 0.004668 0.006125 0.004407 0.002006 0.004208 1.454525843670851E-02 8.902952461800930E-03
74.444 -0.008101 0.004559 -0.001740 0.004633 0.009277 0.004242 0.006287 0.004335 5.723175620010679E-03 8.889925751111182E-03
75.444 -0.003361 0.004700 0.005352 0.004658 0.004014 0.004333 0.001391 0.004341 7.396029849355834E-03 9.022161190381787E-03
76.444 0.004416 0.004522 0.004683 0.004606 0.002097 0.004380 -0.001767 0.004339 9.427623310899413E-03 8.926488393832145E-03
77.444 0.005184 0.004640 0.005753 0.004675 0.000917 0.004191 -0.000650 0.004234 1.120366045593713E-02 8.880809689843200E-03
78.444 0.003189 0.004570 0.005188 0.004662 0.000692 0.004306 -0.008277 0.004350 7.923576127444321E-04 8.949203097059908E-03
79.444 -0.001336 0.004518 0.008171 0.004717 0.006676 0.004303 0.000116 0.004328 1.362725480673355E-02 8.939417743046487E-03
80.444 -0.003903 0.004610 -0.007524 0.004641 -0.007873 0.004272 0.004583 0.004328 -1.471802511194209E-02 8.931489228387313E-03
81.444 -0.001659 0.004596 -0.005642 0.004656 -0.004160 0.004231 0.001892 0.004227 -9.569600597675532E-03 8.864179003873134E-03
82.444 0.002265 0.004505 0.007378 0.004616 -0.001555 0.004218 0.005585 0.004285 1.367225118782045E-02 8.818239493396631E-03
83.444 -0.000195 0.004586 0.006695 0.004670 -0.005627 0.004180 0.006965 0.004313 7.837382130407633E-03 8.883680509049167E-03
84.444 0.002318 0.004616 0.001169 0.004712 -0.004507 0.004215 0.005191 0.004314 4.170964020318912E-03 8.938200741846260E-03
85.444 0.006953 0.004556 0.001118 0.004625 0.006150 0.004315 0.006977 0.004326 2.119782471500731E-02 8.915172113541574E-03
86.444 0.011747 0.004602 0.003084 0.004605 0.004088 0.004244 0.004586 0.004298 2.350481431149021E-02 8.880799679289002E-03
87.444 0.009107 0.004570 0.000233 0.004671 -0.001791 0.004273 0.000342 0.004397 7.890152028625863E-03 8.960673082939010E-03
88.444 0.004957 0.004559 0.004339 0.004639 0.002452 0.004233 0.004534 0.004338 1.628219607765313E-02 8.890493067915700E-03
89.444 0.004541 0.004559 0.002924 0.004715 0.000011 0.004368 -0.002167 0.004275 5.308644096770898E-03 8.964592465124203E-03
90.444 -0.000257 0.004486 0.001513 0.004563 -0.001495 0.004335 -0.002555 0.004313 -2.794083235383660E-03 8.850851299754240E-03
91.444 0.001564 0.004591 0.000377 0.004618 0.007979 0.004294 0.004505 0.004317 1.442511876790142E-02 8.914631784497659E-03
92.444 0.001487 0.004672 0.002109 0.004620 -0.008696 0.004203 0.001990 0.004278 -3.109234655262583E-03 8.895922685119467E-03
93.444 -0.000962 0.004572 -0.000302 0.004620 0.002290 0.004226 0.001855 0.004224 2.880336980352283E-03 8.828800055419247E-03
94.444 0.003191 0.004546 -0.001944 0.004692 0.003449 0.004231 -0.007475 0.004338 -2.779063085721845E-03 8.910608343614563E-03
95.444 -0.003023 0.004616 -0.001174 0.004630 0.005204 0.004350 -0.000835 0.004304 1.717037569495261E-04 8.954788187564313E-03
96.444 0.005979 0.004663 -0.002148 0.004632 -0.002033 0.004201 -0.007733 0.004191 -5.935353120787745E-03 8.855182793506101E-03
97.444 -0.000444 0.004625 -0.005599 0.004632 -0.002641 0.004259 0.002110 0.004240 -6.574114835548706E-03 8.885882317626255E-03
98.444 0.002118 0.004583 -0.001058 0.004585 -0.003780 0.004193 -0.001722 0.004285 -4.441576533158909E-03 8.830047756264264E-03
99.444 -0.000479 0.004562 -0.002256 0.004632 -0.001849 0.004335 -0.003044 0.004249 -7.629189511291656E-03 8.894761482174812E-03
100.444 -0.000247 0.004565 0.009179 0.004632 0.004690 0.004206 -0.000969 0.004239 1.265382683008021E-02 8.829475300983415E-03
101.444 0.002806 0.004690 0.002423 0.004608 -0.000823 0.004193 -0.001655 0.004307 2.750258717581389E-03 8.908484028150239E-03
102.444 -0.000042 0.004587 0.006624 0.004773 0.006446 0.004257 0.000913 0.004247 1.394202919793486E-02 8.943522767592194E-03
103.444 0.002456 0.004582 -0.003182 0.004635 -0.002838 0.004170 0.003440 0.004402 -1.232655063505561E-04 8.902113000320420E-03
104.444 0.008329 0.004617 -0.006989 0.004650 0.000202 0.004184 0.004350 0.004343 5.892380941996400E-03 8.905978352318577E-03
105.444 -0.000079 0.004587 0.006080 0.004677 0.008463 0.004256 -0.003488 0.004256 1.097693898840912E-02 8.896304912929948E-03
106.444 0.009047 0.004717 0.009495 0.004597 -0.003395 0.004244 -0.002781 0.004268 1.236499749854669E-02 8.922147878893004E-03
107.444 0.004120 0.004549 -0.004747 0.004720 -0.000104 0.004158 -0.001789 0.004267 -2.520951714950037E-03 8.857841049442221E-03
108.444 0.003031 0.004544 0.000970 0.004750 0.005003 0.004251 0.006159 0.004322 1.516366516903034E-02 8.942258196316107E-03
109.444 -0.006019 0.004563 0.000240 0.004708 -0.007627 0.004261 -0.000734 0.004262 -1.414049782396365E-02 8.905380608846200E-03
110.444 0.001535 0.004556 0.003723 0.004563 -0.001412 0.004237 0.001194 0.004261 5.040087053979292E-03 8.813622345380752E-03
111.444 0.001301 0.004605 0.011178 0.004737 0.000126 0.004234 0.001157 0.004250 1.376096075432454E-02 8.924358527529035E-03
112.444 0.004039 0.004488 0.001366 0.004530 -0.005369 0.004247 0.008041 0.004257 8.075636475252779E-03 8.764674351765497E-03
113.444 0.005607 0.004503 0.003015 0.004714 0.005209 0.004308 -0.004517 0.004349 9.313989936807765E-03 8.942204828196260E-03
114.444 0.003379 0.004632 0.005471 0.004619 -0.001460 0.004201 0.002095 0.004250 9.484143671008916E-03 8.859974424728580E-03
115.444 0.000696 0.004568 0.005438 0.004668 0.001771 0.004161 -0.003233 0.004167 4.671898194215984E-03 8.793921725696756E-03
116.444 -0.003031 0.004579 -0.003620 0.004570 0.004536 0.004183 0.006271 0.004262 4.156391990565389E-03 8.803556027113866E-03
117.444 0.000454 0.004626 0.006405 0.004697 -0.000138 0.004175 -0.006628 0.004296 9.210576389406810E-05 8.907690508036917E-03
118.444 0.005973 0.004609 -0.013468 0.004686 0.003631 0.004222 0.000009 0.004314 -3.855941129410567E-03 8.923859946264283E-03
119.444 0.005095 0.004531 0.004905 0.004746 -0.001293 0.004173 -0.005850 0.004263 2.856312970857644E-03 8.867841743005577E-03
120.444 -0.002671 0.004582 -0.011169 0.004667 0.006246 0.004243 0.005993 0.004241 -1.599728313424365E-03 8.875246519489030E-03
121.444 0.012786 0.004622 -0.009467 0.004664 0.001824 0.004291 -0.003141 0.004240 2.001831241771335E-03 8.917221293558698E-03
122.444 0.006559 0.004615 0.001621 0.004613 -0.003280 0.004238 -0.000398 0.004310 4.501021005978600E-03 8.894309633209125E-03
123.444 0.001491 0.004467 -0.001452 0.004765 -0.001644 0.004259 -0.007699 0.004170 -9.304339125436378E-03 8.842818834765098E-03
124.444 0.001641 0.004529 0.004879 0.004690 -0.005258 0.004152 -0.002541 0.004182 -1.279143794967297E-03 8.788528772590364E-03
125.444 0.007049 0.004621 0.007514 0.004691 -0.006083 0.004289 -0.003848 0.004180 4.632112134819621E-03 8.901070042401626E-03
126.444 0.006881 0.004586 -0.002335 0.004619 0.001299 0.004206 0.000637 0.004298 6.481666355063531E-03 8.862148924339971E-03
127.444 0.001899 0.004454 -0.001766 0.004669 0.007500 0.004151 0.005309 0.004300 1.294244712931025E-02 8.795046167202157E-03
128.444 -0.002830 0.004581 -0.005167 0.004652 0.006507 0.004207 -0.006622 0.004264 -8.112290675647671E-03 8.861073878594760E-03
129.444 0.007137 0.004540 -0.006435 0.004700 -0.002680 0.004168 -0.010180 0.004233 -1.215825404106141E-02 8.830892935909100E-03
130.444 -0.002630 0.004561 -0.004273 0.004693 -0.000012 0.004228 0.005328 0.004210 -1.586477250823393E-03 8.856059789133165E-03
131.444 0.005832 0.004551 0.002791 0.004692 -0.000876 0.004338 0.010701 0.004300 1.844822196764984E-02 8.946819733645129E-03
132.444 0.004692 0.004624 0.001682 0.004739 0.005775 0.004236 0.004927 0.004225 1.707656839244542E-02 8.924003626807063E-03
133.444 -0.000580 0.004555 0.004082 0.004650 0.001569 0.004262 0.001601 0.004256 6.672072321982192E-03 8.868417191033246E-03
134.444 -0.005217 0.004550 -0.006431 0.004646 -0.004089 0.004217 -0.000869 0.004230 -1.660500143769195E-02 8.829729569358449E-03
135.444 0.003320 0.004619 0.008463 0.004710 -0.002880 0.004244 0.000938 0.004319 9.842136915569455E-03 8.954913550339024E-03
136.444 0.006432 0.004498 -0.002269 0.004647 0.005834 0.004283 -0.000999 0.004261 8.998585052315100E-03 8.850768760682146E-03
137.444 0.000754 0.004522 0.009160 0.004647 0.001297 0.004218 0.002249 0.004332 1.346082808648230E-02 8.865404633755968E-03
138.444 0.000802 0.004547 -0.003257 0.004727 0.005104 0.004249 0.002690 0.004307 5.339509412848109E-03 8.923488715139411E-03
139.444 0.003946 0.004508 0.001645 0.004648 0.001897 0.004202 0.006450 0.004264 1.393695175991372E-02 8.818674567425281E-03
140.444 0.006427 0.004579 0.002947 0.004715 -0.006956 0.004147 0.007545 0.004327 9.962120332359881E-03 8.894433103903079E-03
141.444 -0.001615 0.004464 -0.002113 0.004711 -0.001814 0.004188 0.003947 0.004361 -1.594298531927052E-03 8.870068708154197E-03
142.444 0.005558 0.004608 -0.003207 0.004703 -0.004402 0.004235 0.004669 0.004296 2.617896042537815E-03 8.929659436789647E-03
143.444 -0.001414 0.004525 0.001300 0.004598 -0.005658 0.004196 0.002981 0.004225 -2.790652575818342E-03 8.778714489849978E-03
144.444 0.003167 0.004522 -0.009376 0.004654 -0.004321 0.004206 0.004151 0.004282 -6.378156348606723E-03 8.839215434533971E-03
145.444 0.006810 0.004524 0.007274 0.004600 -0.000677 0.004262 -0.000408 0.004287 1.300043191533184E-02 8.840828852507952E-03
146.444 -0.006611 0.004535 -0.006591 0.004687 -0.000726 0.004285 -0.007323 0.004289 -2.125032754388556E-02 8.904252964967817E-03
147.444 -0.001358 0.004582 0.005635 0.004703 -0.000207 0.004194 -0.001990 0.004270 2.080397603555717E-03 8.884497331563509E-03
148.444 -0.010675 0.004586 -0.001879 0.004745 -0.000253 0.004248 0.002360 0.004341 -1.044720219785944E-02 8.968668582384844E-03
149.444 0.005572 0.004544 0.006051 0.004637 0.000666 0.004112 0.002352 0.004264 1.464209979113207E-02 8.788878631345644E-03
150.444 0.007169 0.004633 0.005999 0.004722 0.004410 0.004220 -0.002412 0.004274 1.516641435756050E-02 8.934773690299063E-03
151.444 0.007126 0.004578 -0.000892 0.004666 0.002971 0.004141 -0.004251 0.004195 4.953301579793568E-03 8.802297160881017E-03
152.444 0.003106 0.004528 0.013910 0.004617 -0.000706 0.004162 -0.000903 0.004211 1.540738184574497E-02 8.767814568182106E-03
153.444 -0.000656 0.004546 0.000117 0.004717 -0.003100 0.004199 0.003530 0.004249 -1.083163159210088E-04 8.866020989906173E-03
154.444 0.003048 0.004552 0.000490 0.004629 0.000572 0.004247 -0.001812 0.004259 2.298493151746683E-03 8.849557073353592E-03
155.444 -0.002071 0.004491 -0.002936 0.004642 -0.001467 0.004110 -0.001498 0.004213 -7.973122688329504E-03 8.738281624213714E-03
156.444 -0.000329 0.004627 0.001082 0.004649 -0.001382 0.004210 -0.002384 0.004280 -3.012273261400189E-03 8.891939628834699E-03
157.444 -0.002704 0.004514 0.012169 0.004657 0.004242 0.004280 0.000484 0.004257 1.419052082053174E-02 8.860772458195965E-03
158.444 0.004184 0.004512 0.000238 0.004745 -0.003540 0.004274 -0.003013 0.004381 -2.131474495842944E-03 8.963290607762733E-03
159.444 -0.000868 0.004548 0.000006 0.004642 -0.013306 0.004206 -0.002632 0.004248 -1.679929090670385E-02 8.829813587114278E-03
160.444 -0.000436 0.004555 0.004964 0.004642 0.005048 0.004271 -0.006689 0.004214 2.887526372408189E-03 8.847913121417262E-03
161.444 0.002020 0.004508 0.005374 0.004722 -0.001795 0.004204 -0.000573 0.004388 5.025296929178857E-03 8.919319865105918E-03
162.444 -0.001403 0.004623 0.001669 0.004660 0.004118 0.004249 -0.004795 0.004210 -4.121390216997867E-04 8.881070858545358E-03
163.444 -0.007300 0.004510 -0.003819 0.004649 0.003215 0.004323 0.000798 0.004220 -7.106460637448464E-03 8.856813945008410E-03
164.444 -0.005786 0.004541 -0.000741 0.004642 -0.001522 0.004196 0.002956 0.004156 -5.092372020497393E-03 8.777670245171131E-03
165.444 -0.002522 0.004569 0.000674 0.004642 -0.002722 0.004174 -0.008256 0.004161 -1.282700134531112E-02 8.784153103227995E-03
166.444 -0.006733 0.004600 -0.001885 0.004638 0.006602 0.004247 0.003506 0.004295 1.489335597311126E-03 8.896720124406397E-03
167.444 0.000296 0.004514 -0.000562 0.004642 0.006219 0.004171 0.002356 0.004203 8.309127039095365E-03 8.774447284025775E-03
168.444 0.000427 0.004634 -0.006622 0.004693 0.004894 0.004273 0.001752 0.004268 4.501182530942671E-04 8.942460333327360E-03
169.444 -0.005619 0.004501 0.000237 0.004680 0.000841 0.004200 -0.003685 0.004181 -8.226867517130643E-03 8.790982922055216E-03
170.444 0.004332 0.004524 0.004362 0.004598 0.000401 0.004230 0.002565 0.004210 1.165937061871958E-02 8.787631105380675E-03
171.444 -0.007261 0.004582 0.004106 0.004626 0.001151 0.004162 0.003328 0.004402 1.324601009357274E-03 8.892827212965545E-03
172.444 -0.008825 0.004553 0.004409 0.004632 0.004093 0.004170 0.006000 0.004167 5.678611563434188E-03 8.770984879630720E-03
173.444 0.002436 0.004613 0.000320 0.004626 0.001811 0.004139 0.006036 0.004201 1.060330435714896E-02 8.800780333932692E-03
174.444 -0.002451 0.004595 0.003591 0.004697 0.006488 0.004253 -0.004137 0.004244 3.490449079312619E-03 8.904315074719886E-03
175.444 0.001615 0.004568 0.003644 0.004722 0.001289 0.004186 -0.002855 0.004168 3.692521495091583E-03 8.835387678867549E-03
176.444 0.010615 0.004607 -0.002093 0.004640 -0.002216 0.004294 0.004496 0.004150 1.080176271482980E-02 8.855312536478841E-03
177.444 -0.002183 0.004593 -0.007139 0.004607 0.003040 0.004333 -0.009495 0.004274 -1.577704976124572E-02 8.908809751465815E-03
178.444 0.002413 0.004560 -0.001302 0.004610 0.004749 0.004192 0.006215 0.004239 1.207479500567921E-02 8.808181294367681E-03
179.444 0.000752 0.004533 0.005335 0.004680 0.001655 0.004126 -0.007412 0.004227 3.303414374462577E-04 8.794505165088241E-03
180.444 0.002251 0.004635 0.002734 0.004779 -0.010485 0.004183 0.002001 0.004200 -3.498416693672901E-03 8.913743575403492E-03
181.444 -0.001130 0.004597 0.008691 0.004734 -0.007426 0.004232 0.000931 0.004178 1.065680960024018E-03 8.882388463718154E-03
182.444 0.005105 0.004611 0.003847 0.004704 0.004433 0.004325 0.004895 0.004265 1.827894888177450E-02 8.960477466131921E-03
183.444 0.001508 0.004659 0.001216 0.004768 0.003546 0.004219 -0.004458 0.004226 1.812528737260344E-03 8.949890079363924E-03
184.444 -0.001878 0.004510 0.002803 0.004636 -0.002129 0.004220 0.001625 0.004258 4.209624836590820E-04 8.818748874427513E-03
185.444 0.001195 0.004608 0.000392 0.004658 0.001324 0.004190 0.006173 0.004147 9.084530633083787E-03 8.813773682709436E-03
186.444 -0.000646 0.004459 0.000831 0.004605 0.001830 0.004135 -0.001565 0.004147 4.498970665283153E-04 8.682469407859489E-03
187.444 -0.004786 0.004483 0.003427 0.004621 -0.011955 0.004197 -0.002115 0.004289 -1.542882565035963E-02 8.801471546892529E-03
188.444 0.009078 0.004575 0.002582 0.004656 0.003169 0.004228 0.003032 0.004232 1.786016709029603E-02 8.853898966175165E-03
189.444 0.011306 0.004471 -0.000600 0.004472 -0.002380 0.004309 0.005190 0.004123 1.351702294480095E-02 8.692061473546231E-03
190.444 -0.008805 0.004614 -0.005604 0.004664 -0.007331 0.004246 0.003608 0.004201 -1.813143467141920E-02 8.872553317835853E-03
191.444 0.005260 0.004485 0.004850 0.004613 0.000267 0.004135 -0.002182 0.004202 8.195685461311442E-03 8.726432587955598E-03
192.444 0.001087 0.004584 0.006146 0.004682 0.003733 0.004155 0.004430 0.004163 1.539538528556150E-02 8.804871150669342E-03
193.444 0.009042 0.004530 0.001790 0.004631 0.006657 0.004200 0.006872 0.004240 2.436031655544735E-02 8.807975908306721E-03
194.444 0.005053 0.004569 0.007282 0.004733 0.000967 0.004197 0.008146 0.004247 2.144870883221017E-02 8.884323604983355E-03
195.444 -0.000516 0.004546 0.009686 0.004605 0.002785 0.004145 -0.002903 0.004205 9.052446587449303E-03 8.760112720603912E-03
196.444 -0.002820 0.004534 0.003624 0.004600 -0.007670 0.004285 0.005901 0.004194 -9.649055400569040E-04 8.813377346222864E-03
197.444 0.006265 0.004501 0.000764 0.004710 -0.004482 0.004213 0.000008 0.004224 2.554453907728238E-03 8.833479387672892E-03
198.444 -0.012830 0.004638 0.000015 0.004657 -0.001055 0.004255 0.004622 0.004194 -9.247333438130667E-03 8.881912463737582E-03
199.444 0.002806 0.004507 -0.004695 0.004634 0.000712 0.004236 -0.001255 0.004195 -2.432307966349967E-03 8.793466234157110E-03
200.444 0.004589 0.004510 -0.001190 0.004643 0.009316 0.004149 0.005976 0.004212 1.869171491277744E-02 8.766451681908162E-03
201.444 -0.000639 0.004553 0.001522 0.004634 -0.007224 0.004201 -0.008058 0.004195 -1.439910588374982E-02 8.800718138525345E-03
202.444 -0.006708 0.004601 0.004393 0.004688 -0.001502 0.004245 0.000984 0.004148 -2.832963964503499E-03 8.852696956332944E-03
203.444 -0.000909 0.004572 0.000243 0.004663 0.001655 0.004187 -0.000461 0.004127 5.270960837933103E-04 8.786927661194179E-03
204.444 -0.003626 0.004508 -0.000356 0.004654 0.000593 0.004250 0.001630 0.004232 -1.759416207876896E-03 8.828981512315173E-03
205.444 0.000161 0.004528 -0.000132 0.004603 -0.005251 0.004161 -0.000441 0.004176 -5.662194364528972E-03 8.743410418393549E-03
206.444 -0.000585 0.004552 -0.004445 0.004692 0.000154 0.004194 -0.004524 0.004260 -9.399897592469841E-03 8.858767288882812E-03
207.444 0.001746 0.004526 -0.003167 0.004661 0.005630 0.004236 0.003960 0.004128 8.168827571536141E-03 8.785860287091938E-03
208.444 -0.001662 0.004470 0.000519 0.004590 0.002148 0.004227 -0.001144 0.004223 -1.388006442173406E-04 8.761199780456932E-03
209.444 0.000996 0.004570 0.001537 0.004645 0.004266 0.004227 -0.004581 0.004207 2.217699352472735E-03 8.833052031402304E-03
210.444 -0.004226 0.004494 0.002526 0.004607 -0.003416 0.004172 0.005448 0.004159 3.323849180736360E-04 8.724829751035059E-03
211.444 0.001106 0.004502 -0.004834 0.004554 0.004479 0.004188 -0.006258 0.004242 -5.506866338218508E-03 8.749216673930162E-03
212.444 0.004767 0.004561 -0.001401 0.004626 0.004514 0.004198 0.002225 0.004268 1.010587535791618E-02 8.834398534429714E-03
213.444 0.011217 0.004514 0.002985 0.004599 0.006486 0.004154 -0.009304 0.004226 1.138409771183468E-02 8.754575038174318E-03
214.444 -0.000811 0.004546 -0.000030 0.004781 0.001966 0.004202 -0.001569 0.004196 -4.448125572906747E-04 8.876284239671737E-03
215.444 -0.001496 0.004500 0.005030 0.004650 -0.000506 0.004124 0.002827 0.004235 5.854933260141415E-03 8.764288334546375E-03
216.444 0.002103 0.004541 0.001124 0.004653 -0.002197 0.004188 0.006911 0.004182 7.941965173723808E-03 8.792053936984883E-03
217.444 0.004402 0.004499 -0.012276 0.004701 0.001769 0.004168 0.002909 0.004253 -3.196213375492363E-03 8.820155572516737E-03
218.444 -0.005271 0.004599 -0.001086 0.004670 0.001410 0.004164 -0.002635 0.004224 -7.582540251982905E-03 8.839727461077248E-03
219.444 -0.005627 0.004514 -0.006455 0.004637 0.002603 0.004083 -0.005915 0.004216 -1.539358954120651E-02 8.735876811364986E-03
220.444 0.003103 0.004507 -0.004311 0.004602 0.003087 0.004208 0.005678 0.004231 7.557570087064924E-03 8.780658858698179E-03
221.444 0.004124 0.004489 0.001600 0.004607 -0.000747 0.004217 -0.000104 0.004154 4.872998606235690E-03 8.741646053985766E-03
222.444 0.001779 0.004460 0.002630 0.004609 -0.003727 0.004205 -0.001492 0.004240 -8.106864234855848E-04 8.763053862644025E-03
223.444 0.003502 0.004409 -0.002408 0.004754 0.001564 0.004163 0.004853 0.004271 7.510859314708185E-03 8.810439125850866E-03
224.444 0.004801 0.004487 0.002622 0.004651 -0.006624 0.004076 0.001855 0.004181 2.654946101302791E-03 8.709635941847624E-03
225.444 -0.006636 0.004598 0.007954 0.004568 0.002696 0.004162 0.002150 0.004113 6.163424162712872E-03 8.732289034505691E-03
226.444 0.008830 0.004514 -0.007390 0.004630 -0.003575 0.004174 0.001798 0.004169 -3.363199537673722E-04 8.753282884500510E-03
227.444 -0.002784 0.004542 -0.001884 0.004679 0.001886 0.004255 0.002460 0.004164 -3.232845902534365E-04 8.830353969990780E-03
228.444 0.007773 0.004541 -0.002702 0.004594 0.000550 0.004156 0.001649 0.004189 7.270166850754656E-03 8.748986976667074E-03
229.444 0.000120 0.004458 0.000831 0.004639 0.004131 0.004237 0.005163 0.004230 1.024486602756269E-02 8.788576290589253E-03
230.444 -0.000522 0.004606 0.002385 0.004560 0.003802 0.004130 -0.000500 0.004221 5.165111110954967E-03 8.768094364791352E-03
231.444 -0.008803 0.004502 0.002227 0.004611 0.001109 0.004256 0.003701 0.004219 -1.765726986659111E-03 8.800282422870296E-03
232.444 0.000773 0.004603 0.002508 0.004485 -0.002736 0.004251 -0.005391 0.004185 -4.846825609191363E-03 8.769179850130492E-03
233.444 -0.001869 0.004515 0.000201 0.004610 -0.011170 0.004232 -0.005368 0.004165 -1.820556549876606E-02 8.769155629077209E-03
234.444 -0.000857 0.004554 -0.004323 0.004641 -0.004112 0.004147 0.008787 0.004068 -5.042773025039082E-04 8.719584739182181E-03
235.444 0.004981 0.004419 0.002940 0.004585 -0.000940 0.004252 -0.000895 0.004172 6.085904710258383E-03 8.719357954767578E-03
236.444 0.007204 0.004544 0.003240 0.004588 -0.003043 0.004198 0.001220 0.004236 8.620917541755091E-03 8.789566013762615E-03
237.444 0.000110 0.004551 -0.000894 0.004718 -0.002197 0.004232 -0.002613 0.004162 -5.595193873302762E-03 8.843346230813716E-03
238.444 0.001572 0.004456 -0.000618 0.004718 0.002510 0.004221 -0.000387 0.004201 3.077023417203506E-03 8.808624656659771E-03
239.444 -0.005950 0.004402 -0.001993 0.004617 0.002169 0.004084 -0.002762 0.004231 -8.534886686362597E-03 8.676387625591354E-03
240.444 -0.003047 0.004434 -0.003241 0.004618 0.001697 0.004166 0.002127 0.004157 -2.463030529616717E-03 8.696145926369492E-03
241.444 -0.000373 0.004513 0.005684 0.004577 -0.007290 0.004236 0.008353 0.004156 6.372729482066575E-03 8.748404287386175E-03
242.444 -0.010167 0.004611 -0.003355 0.004515 0.006041 0.004065 -0.008016 0.004145 -1.549765739095754E-02 8.680281278396054E-03
243.444 0.000276 0.004521 -0.006679 0.004619 0.000040 0.004134 -0.005137 0.004097 -1.149978189513945E-02 8.697749434863825E-03
244.444 -0.009190 0.004501 -0.002574 0.004673 0.006007 0.004184 0.005558 0.004163 -1.997145219618801E-04 8.770905813084004E-03
245.444 0.004648 0.004439 -0.000433 0.004727 0.001079 0.004243 -0.004120 0.004206 1.174965804302985E-03 8.817122506158718E-03
246.444 0.008696 0.004497 -0.005231 0.004544 0.004259 0.004174 0.001912 0.004158 9.635274684384854E-03 8.693563793776529E-03
247.444 -0.002717 0.004592 0.004431 0.004578 0.007058 0.004287 0.004447 0.004081 1.321963399074555E-02 8.779338445856830E-03
248.444 0.004786 0.004545 -0.002170 0.004566 -0.000242 0.004151 -0.001773 0.004126 6.003825684164354E-04 8.704006854313533E-03
249.444 -0.004179 0.004507 -0.001942 0.004633 -0.001228 0.004184 0.001324 0.004192 -6.024214724845045E-03 8.767098475570801E-03
250.444 -0.002719 0.004466 0.005195 0.004590 0.001769 0.004127 -0.004206 0.004167 3.936643216118085E-05 8.683863281046186E-03
251.444 0.003685 0.004554 0.005256 0.004600 -0.001598 0.004237 0.008348 0.004225 1.569076078161835E-02 8.814555124658705E-03
252.444 0.008756 0.004517 0.005744 0.004694 -0.001192 0.004162 0.003947 0.004170 1.725557084799956E-02 8.783856512222566E-03
253.444 -0.007819 0.004504 -0.000858 0.004578 -0.000616 0.004203 -0.008798 0.004248 -1.809096155941692E-02 8.772250825778965E-03
254.444 0.004703 0.004515 0.008268 0.004666 -0.001721 0.004207 0.000783 0.004140 1.203349144447952E-02 8.774841531431120E-03
255.444 -0.002588 0.004458 -0.000541 0.004607 0.001795 0.004238 -0.006380 0.004208 -7.714331644480765E-03 8.761722325439805E-03
256.444 -0.003172 0.004508 -0.004863 0.004602 -0.002679 0.004210 -0.006385 0.004267 -1.709990582033516E-02 8.799574075030635E-03
257.444 0.003768 0.004524 0.007726 0.004621 0.002565 0.004066 0.001573 0.004137 1.563101388203680E-02 8.687286501833756E-03
258.444 0.001172 0.004662 -0.006693 0.004576 0.001813 0.004158 0.000303 0.004204 -3.404759078751596E-03 8.811416766195856E-03
259.444 -0.000985 0.004406 0.006204 0.004603 0.003724 0.004206 0.007819 0.004165 1.676183051407865E-02 8.696783167849083E-03
260.444 0.004864 0.004525 0.008205 0.004544 -0.001289 0.004100 0.004272 0.004180 1.605182812321715E-02 8.683804725413616E-03
261.444 0.002908 0.004424 0.001049 0.004640 -0.005600 0.004102 0.002801 0.004113 1.158374098196191E-03 8.651494266430823E-03
262.444 -0.003531 0.004513 0.006960 0.004630 -0.005309 0.004113 -0.004582 0.004271 -6.462821931449980E-03 8.772093537718252E-03
263.444 0.012278 0.004509 0.002838 0.004644 0.004235 0.004271 -0.002193 0.004118 1.715758679460144E-02 8.780934540870785E-03
264.444 -0.003362 0.004525 -0.006799 0.004606 0.006042 0.004175 -0.000810 0.004145 -4.929695428470993E-03 8.734937155005992E-03
265.444 -0.002031 0.004432 0.001687 0.004706 -0.001574 0.004148 0.000324 0.004218 -1.594827499018514E-03 8.762509699819617E-03
266.444 0.000997 0.004545 -0.005097 0.004649 0.005280 0.004210 -0.000759 0.004245 4.211505142892591E-04 8.832637910779876E-03
267.444 0.006407 0.004502 0.002019 0.004596 0.000927 0.004159 -0.000612 0.004166 8.740142040053023E-03 8.720289490454553E-03
268.444 -0.006812 0.004574 -0.001355 0.004629 -0.004600 0.004306 -0.000085 0.004219 -1.285200685172505E-02 8.871000861187733E-03
269.444 -0.002224 0.004432 -0.000288 0.004586 -0.003968 0.004173 0.003680 0.004141 -2.799602121079658E-03 8.674117066418633E-03
270.444 -0.001297 0.004515 0.005261 0.004708 0.001005 0.004154 0.000941 0.004102 5.910557402848404E-03 8.754202812615465E-03
271.444 0.000817 0.004599 -0.001336 0.004452 0.003910 0.004175 0.010863 0.004239 1.425428327574796E-02 8.739326655341995E-03
272.444 0.011083 0.004539 0.002296 0.004609 -0.003241 0.004139 -0.000856 0.004161 9.281760137567652E-03 8.734494459988187E-03
273.444 0.002362 0.004524 -0.001023 0.004565 0.001021 0.004223 0.002820 0.004131 5.179073809474133E-03 8.729834468814130E-03
274.444 0.000992 0.004463 -0.005883 0.004652 0.000771 0.004225 0.005619 0.004192 1.499027713331103E-03 8.774308742945661E-03
275.444 -0.002308 0.004492 -0.005386 0.004689 0.001372 0.004210 -0.002330 0.004063 -8.651855122813856E-03 8.740827647006592E-03
276.444 -0.002052 0.004529 0.001206 0.004673 0.003975 0.004240 0.000787 0.004147 3.916228812448352E-03 8.804244962254043E-03
277.444 0.007459 0.004467 -0.001971 0.004747 -0.002239 0.004186 -0.007000 0.004173 -3.751128889994959E-03 8.799000993385505E-03
278.444 0.000175 0.004472 0.014086 0.004674 0.001236 0.004210 0.001924 0.004221 1.742020430259750E-02 8.797081548217855E-03
279.444 0.007357 0.004595 0.002330 0.004677 0.002578 0.004132 0.006646 0.004224 1.891170743045656E-02 8.826317826013896E-03
280.444 0.001937 0.004506 -0.003053 0.004602 -0.001500 0.004192 -0.001049 0.004116 -3.664801036768139E-03 8.717408449664035E-03
281.444 -0.000125 0.004498 -0.002969 0.004586 0.001536 0.004157 0.005144 0.004149 3.586409123309764E-03 8.704107914439475E-03
282.444 0.005314 0.004513 0.002219 0.004695 0.003986 0.004239 0.001237 0.004111 1.275589530284726E-02 8.790349043307333E-03
283.444 0.006310 0.004481 -0.003168 0.004640 0.003455 0.004223 0.003302 0.004136 9.899325877086085E-03 8.749013704781981E-03
284.444 0.005954 0.004529 0.006310 0.004654 -0.002808 0.004153 -0.004377 0.004180 5.079232278644596E-03 8.768964491748429E-03
285.444 -0.006262 0.004478 -0.003243 0.004578 -0.001404 0.004129 -0.000374 0.004223 -1.128328020346459E-02 8.711357440960228E-03
286.444 0.001780 0.004564 0.005349 0.004585 -0.002119 0.004232 0.004471 0.004251 9.482080237877000E-03 8.822554233668088E-03
287.444 0.001406 0.004477 -0.013376 0.004590 0.000538 0.004208 0.006471 0.004085 -4.960984920531430E-03 8.689048827552625E-03
288.444 -0.006703 0.004495 -0.002469 0.004589 -0.000820 0.004172 0.007163 0.004140 -2.828205438832221E-03 8.706932198561810E-03
289.444 0.005058 0.004445 0.001325 0.004674 0.008788 0.004072 0.004089 0.004131 1.925900421393845E-02 8.674391959999752E-03
290.444 -0.007896 0.004545 -0.005219 0.004653 -0.004342 0.004106 0.007621 0.004139 -9.837081952118076E-03 8.734455939554667E-03
291.444 -0.003595 0.004502 -0.003507 0.004558 0.000484 0.004183 -0.004897 0.004133 -1.151459668915678E-02 8.695477539259911E-03
292.444 -0.000148 0.004427 -0.000973 0.004598 0.002050 0.004189 0.004411 0.004035 5.340413967065416E-03 8.635298684091216E-03
293.444 -0.006233 0.004481 -0.000676 0.004610 0.010774 0.004174 0.007974 0.004207 1.183882629576516E-02 8.743854751706403E-03
294.444 -0.012193 0.004577 -0.000011 0.004636 -0.010649 0.004175 -0.001937 0.004286 -2.479001040171003E-02 8.845059139471119E-03
295.444 -0.002691 0.004484 -0.003618 0.004639 0.003664 0.004017 0.001143 0.004088 -1.503038735909179E-03 8.629732680607918E-03
296.444 0.003160 0.004524 0.009108 0.004637 0.005280 0.004132 -0.006605 0.004160 1.094373556228678E-02 8.737228291811058E-03
297.444 0.001737 0.004591 -0.005649 0.004716 0.001103 0.004142 0.005604 0.004143 2.795003456490086E-03 8.811408164118486E-03
298.444 -0.007368 0.004461 -0.002509 0.004630 0.000463 0.004218 -0.001347 0.004122 -1.076113262783363E-02 8.724461485724205E-03
299.444 0.002956 0.004561 -0.002874 0.004571 -0.002116 0.004198 -0.001380 0.004132 -3.413325678066848E-03 8.740285007174555E-03
300.444 0.007407 0.004578 0.006203 0.004636 0.006237 0.004183 0.004884 0.004177 2.473073062916242E-02 8.797512227068505E-03
301.444 0.005762 0.004569 0.000649 0.004578 0.001055 0.004150 -0.003479 0.004152 3.987587733941034E-03 8.735152423189509E-03
302.444 0.006508 0.004470 -0.002693 0.004621 0.000087 0.004217 -0.004869 0.004200 -9.665267279492795E-04 8.760565847381460E-03
